# oST version 5.0 parameters


[image]

width
640

height
480

[narrow_stereo]

camera matrix
837.265747 0.000000 268.292316
0.000000 837.769036 298.625617
0.000000 0.000000 1.000000

distortion
0.142109 -0.345195 0.006337 -0.005323 0.000000

rectification
1.000000 0.000000 0.000000
0.000000 1.000000 0.000000
0.000000 0.000000 1.000000

projection
848.090271 0.000000 265.984896 0.000000
0.000000 848.306335 299.574158 0.000000
0.000000 0.000000 1.000000 0.000000
